m	skills	qno	seed				
4	8,15,23,38,	1356	1				
4	30,33,46,55,	907	2				
4	0,9,36,49,	2611	3				
4	0,16,20,29,	2181	4				
4	11,19,23,57,	2061	5				
4	15,35,36,46,	1131	6				
4	24,46,51,55,	1144	7				
4	13,19,46,54,	317	8				
4	7,37,47,57,	2470	9				
4	0,23,37,39,	2327	10				
4	15,34,36,57,	3858	11				
4	14,21,34,46,	2097	12				
4	23,39,46,50,	783	13				
4	11,27,43,57,	2376	14				
4	2,8,20,23,	831	15				
4	1,21,28,47,	1912	16				
4	1,12,25,48,	4628	17				
4	17,36,47,48,	3767	18				
4	8,11,41,47,	732	19				
4	11,29,31,47,	977	20				
4	0,10,49,50,	2475	21				
4	8,18,24,39,	1158	22				
4	11,18,35,54,	381	23				
4	16,35,46,50,	670	24				
4	38,47,52,53,	2481	25				
4	3,12,13,31,	1000	26				
4	8,24,30,39,	1703	27				
4	1,23,38,52,	2987	28				
4	13,17,35,53,	1054	29				
4	0,14,21,46,	2090	30				
4	0,12,24,34,	4079	31				
4	9,33,43,53,	1192	32				
4	22,27,30,45,	1388	33				
4	10,24,26,29,	2581	34				
4	5,17,22,48,	3300	35				
4	11,21,34,38,	2763	36				
4	13,15,31,33,	576	37				
4	8,16,31,56,	843	38				
4	2,10,50,54,	1402	39				
4	10,14,23,26,	2160	40				
4	0,5,21,34,	3271	41				
4	9,44,50,52,	1342	42				
4	11,44,45,56,	536	43				
4	7,16,33,56,	581	44				
4	9,43,52,53,	1834	45				
4	33,41,52,53,	1534	46				
4	13,22,29,44,	537	47				
4	22,35,40,57,	2318	48				
4	15,33,34,43,	1875	49				
4	1,18,27,57,	3648	50				
4	5,11,22,56,	1044	51				
4	11,26,41,43,	1426	52				
4	4,7,18,22,	333	53				
4	4,11,45,53,	958	54				
4	23,45,46,57,	1947	55				
4	16,25,45,57,	1973	56				
4	3,7,10,55,	896	57				
4	22,34,44,54,	1902	58				
4	23,25,45,48,	2854	59				
4	6,10,45,53,	1866	60				
4	9,44,45,56,	727	61				
4	22,26,35,39,	1624	62				
4	14,32,33,45,	431	63				
4	4,5,15,55,	651	64				
4	8,24,41,52,	1697	65				
4	32,34,40,41,	2036	66				
4	2,11,21,43,	778	67				
4	23,43,47,49,	582	68				
4	24,41,42,54,	1149	69				
4	17,20,32,44,	442	70				
4	4,11,31,53,	1180	71				
4	25,31,32,40,	570	72				
4	9,19,43,46,	652	73				
4	2,8,23,46,	724	74				
4	2,7,20,38,	1685	75				
4	16,19,30,32,	931	76				
4	9,31,47,52,	1641	77				
4	6,13,44,54,	656	78				
4	8,26,39,51,	1378	79				
4	34,44,50,51,	1924	80				
4	42,43,54,55,	384	81				
4	21,32,37,55,	657	82				
4	12,14,17,32,	1149	83				
4	32,35,39,42,	535	84				
4	20,28,44,57,	1991	85				
4	9,17,22,25,	862	86				
4	3,21,35,57,	1878	87				
4	19,20,32,57,	2027	88				
4	11,13,19,32,	391	89				
4	6,15,19,55,	917	90				
4	9,38,42,53,	2195	91				
4	2,4,9,25,	867	92				
4	2,20,21,56,	992	93				
4	21,43,49,50,	430	94				
4	26,40,43,55,	1467	95				
4	16,18,29,56,	698	96				
4	8,30,34,37,	2618	97				
4	10,35,42,53,	1614	98				
4	7,21,48,55,	2938	99				
4	7,19,20,41,	530	100				
6	8,9,15,23,38,44,	1739	1				
6	30,31,33,46,54,55,	1172	2				
6	0,7,9,19,36,49,	2697	3				
6	0,4,16,18,20,29,	2194	4				
6	11,13,19,23,26,57,	3022	5				
6	1,15,35,36,46,50,	2741	6				
6	10,24,32,46,51,55,	1818	7				
6	13,19,26,33,46,54,	1273	8				
6	7,18,37,39,47,57,	2707	9				
6	0,8,23,24,37,39,	3035	10				
6	15,16,34,36,49,57,	4062	11				
6	14,21,30,34,46,50,	2865	12				
6	23,38,39,46,50,56,	1973	13				
6	11,22,27,28,43,57,	2622	14				
6	2,8,9,20,22,23,	1445	15				
6	1,20,21,28,47,53,	2734	16				
6	1,12,25,31,37,48,	5120	17				
6	4,17,18,36,47,48,	3783	18				
6	8,11,12,13,41,47,	1426	19				
6	10,11,24,29,31,47,	2386	20				
6	0,10,34,49,50,53,	4069	21				
6	8,18,20,23,24,39,	1482	22				
6	11,18,26,32,35,54,	1365	23				
6	16,25,35,46,47,50,	1030	24				
6	9,37,38,47,52,53,	3205	25				
6	3,12,13,29,31,38,	2074	26				
6	8,24,30,38,39,44,	2654	27				
6	1,23,38,42,51,52,	3120	28				
6	13,17,26,35,44,53,	1984	29				
6	0,14,18,21,46,50,	2311	30				
6	0,2,12,24,34,43,	4421	31				
6	9,14,33,36,43,53,	2103	32				
6	18,22,23,27,30,45,	1504	33				
6	10,12,24,26,29,47,	3429	34				
6	5,17,22,23,48,53,	3895	35				
6	11,21,34,36,38,53,	3601	36				
6	13,15,28,31,33,38,	1560	37				
6	4,8,16,31,34,56,	2371	38				
6	2,10,12,26,50,54,	2863	39				
6	10,11,14,23,26,42,	2433	40				
6	0,5,21,34,51,53,	3569	41				
6	9,37,41,44,50,52,	1877	42				
6	11,25,30,44,45,56,	1182	43				
6	7,16,26,33,45,56,	1491	44				
6	9,10,43,52,53,55,	2540	45				
6	1,33,41,42,52,53,	3078	46				
6	13,22,29,42,44,53,	1352	47				
6	22,28,34,35,40,57,	3664	48				
6	13,15,33,34,43,46,	2031	49				
6	1,18,27,34,40,57,	4995	50				
6	5,11,22,24,43,56,	1887	51				
6	11,26,41,43,46,57,	3083	52				
6	4,7,18,22,31,50,	854	53				
6	4,11,37,45,53,56,	1635	54				
6	23,37,45,46,47,57,	2648	55				
6	4,5,16,25,45,57,	2219	56				
6	3,7,10,45,54,55,	940	57				
6	2,13,22,34,44,54,	2329	58				
6	23,25,45,48,53,56,	3642	59				
6	6,9,10,22,45,53,	2472	60				
6	4,9,18,44,45,56,	743	61				
6	6,22,26,30,35,39,	2570	62				
6	14,16,32,33,37,45,	1092	63				
6	4,5,15,16,46,55,	1012	64				
6	8,24,38,41,52,56,	2741	65				
6	21,24,32,34,40,41,	2753	66				
6	2,8,11,21,37,43,	1219	67				
6	23,28,43,47,49,51,	636	68				
6	13,24,41,42,43,54,	1309	69				
6	17,20,32,39,44,49,	769	70				
6	4,11,23,31,41,53,	1431	71				
6	25,31,32,40,46,56,	958	72				
6	7,9,19,30,43,46,	1301	73				
6	2,8,23,46,53,56,	1648	74				
6	2,5,6,7,20,38,	2373	75				
6	2,5,16,19,30,32,	1638	76				
6	9,12,31,45,47,52,	2238	77				
6	0,6,13,15,44,54,	2350	78				
6	8,10,21,26,39,51,	2080	79				
6	9,34,41,44,50,51,	2410	80				
6	2,42,43,48,54,55,	3430	81				
6	16,21,32,37,47,55,	1227	82				
6	0,2,12,14,17,32,	2939	83				
6	1,13,32,35,39,42,	2122	84				
6	6,8,20,28,44,57,	2460	85				
6	9,12,17,22,25,35,	1548	86				
6	3,5,17,21,35,57,	2248	87				
6	15,18,19,20,32,57,	2200	88				
6	11,13,19,24,30,32,	1787	89				
6	6,15,17,19,49,55,	1114	90				
6	9,26,32,38,42,53,	3082	91				
6	2,4,9,25,26,56,	2021	92				
6	2,20,21,34,40,56,	2683	93				
6	7,20,21,43,49,50,	733	94				
6	26,30,40,43,49,55,	2079	95				
6	3,16,18,27,29,56,	1187	96				
6	8,30,32,34,37,54,	2645	97				
6	0,2,10,35,42,53,	3334	98				
6	7,21,41,48,51,55,	3122	99				
6	7,8,19,20,41,44,	582	100				
8	8,9,15,23,38,44,46,52,	2349	1				
8	6,30,31,33,37,46,54,55,	2029	2				
8	0,7,9,19,25,36,49,50,	2925	3				
8	0,4,16,18,20,29,37,56,	2752	4				
8	11,13,19,21,23,26,41,57,	3188	5				
8	1,2,15,35,36,37,46,50,	3216	6				
8	10,24,32,41,46,48,51,55,	4397	7				
8	3,13,19,26,33,46,50,54,	1492	8				
8	7,18,32,37,39,45,47,57,	2727	9				
8	0,6,8,23,24,37,39,53,	3890	10				
8	15,16,34,35,36,48,49,57,	6168	11				
8	14,21,28,30,34,43,46,50,	2923	12				
8	13,23,38,39,46,50,56,57,	3629	13				
8	11,22,27,28,32,43,47,57,	2914	14				
8	1,2,8,9,18,20,22,23,	2620	15				
8	1,18,20,21,28,47,53,57,	4257	16				
8	1,12,25,31,32,37,42,48,	5214	17				
8	2,4,17,18,36,47,48,50,	4317	18				
8	8,11,12,13,34,41,45,47,	2844	19				
8	10,11,24,29,31,46,47,52,	3045	20				
8	0,1,7,10,34,49,50,53,	5178	21				
8	8,16,18,20,23,24,39,55,	1835	22				
8	2,9,11,18,26,32,35,54,	2093	23				
8	12,16,25,35,44,46,47,50,	1625	24				
8	0,9,37,38,47,52,53,57,	5686	25				
8	3,12,13,29,31,38,45,49,	2128	26				
8	2,8,24,28,30,38,39,44,	3047	27				
8	1,23,36,38,39,42,51,52,	3916	28				
8	13,17,25,26,35,44,52,53,	2630	29				
8	0,11,14,18,21,42,46,50,	2571	30				
8	0,2,12,24,34,43,54,55,	4522	31				
8	9,14,18,33,36,42,43,53,	2209	32				
8	3,18,22,23,27,28,30,45,	1537	33				
8	10,12,20,24,26,29,46,47,	3703	34				
8	5,17,22,23,30,33,48,53,	4348	35				
8	11,21,34,35,36,38,44,53,	3614	36				
8	13,15,28,29,31,33,38,50,	1961	37				
8	4,8,16,31,34,40,47,56,	2862	38				
8	0,2,10,12,26,50,52,54,	4567	39				
8	10,11,13,14,23,26,33,42,	2503	40				
8	0,5,21,34,42,51,53,56,	3864	41				
8	9,14,31,37,41,44,50,52,	2469	42				
8	0,11,25,30,44,45,47,56,	2913	43				
8	7,16,23,26,33,38,45,56,	2536	44				
8	9,10,23,36,43,52,53,55,	3170	45				
8	1,25,33,39,41,42,52,53,	3332	46				
8	13,22,26,29,39,42,44,53,	2461	47				
8	22,27,28,34,35,38,40,57,	4847	48				
8	13,15,33,34,41,43,46,51,	2197	49				
8	0,1,18,27,34,40,42,57,	6007	50				
8	5,11,22,24,43,44,53,56,	2480	51				
8	11,26,30,41,43,46,54,57,	3604	52				
8	4,7,10,18,22,31,45,50,	1515	53				
8	4,11,25,34,37,45,53,56,	2797	54				
8	10,23,37,45,46,47,48,57,	5466	55				
8	4,5,16,24,25,45,54,57,	2909	56				
8	3,7,10,11,38,45,54,55,	2021	57				
8	2,13,22,34,44,52,54,57,	4404	58				
8	23,25,36,40,45,48,53,56,	4379	59				
8	6,9,10,22,45,47,49,53,	2807	60				
8	4,9,18,32,34,44,45,56,	2314	61				
8	6,19,22,26,30,35,39,52,	3233	62				
8	5,14,16,32,33,36,37,45,	1964	63				
8	4,5,15,16,24,28,46,55,	1786	64				
8	8,12,24,34,38,41,52,56,	4557	65				
8	21,24,25,28,32,34,40,41,	2790	66				
8	2,8,11,21,37,39,42,43,	1590	67				
8	15,23,28,43,47,49,51,54,	863	68				
8	13,24,28,37,41,42,43,54,	1735	69				
8	17,19,20,32,39,44,49,56,	1092	70				
8	4,10,11,23,31,34,41,53,	3185	71				
8	19,25,31,32,39,40,46,56,	1282	72				
8	6,7,9,19,25,30,43,46,	1785	73				
8	2,8,23,24,41,46,53,56,	2495	74				
8	2,5,6,7,12,20,30,38,	3437	75				
8	2,5,16,19,23,30,32,37,	2118	76				
8	9,12,18,31,33,45,47,52,	2249	77				
8	0,6,13,15,36,44,50,54,	3134	78				
8	8,10,20,21,26,36,39,51,	2849	79				
8	9,34,36,41,44,46,50,51,	3038	80				
8	2,28,42,43,48,49,54,55,	3477	81				
8	8,16,21,32,37,47,50,55,	1433	82				
8	0,2,12,14,17,32,36,53,	3924	83				
8	1,6,13,32,35,39,42,43,	2559	84				
8	6,8,20,25,28,44,49,57,	2515	85				
8	9,12,17,22,25,35,38,46,	2533	86				
8	3,5,17,21,23,30,35,57,	2888	87				
8	15,18,19,20,32,34,37,57,	3927	88				
8	11,13,18,19,24,30,32,49,	1831	89				
8	3,6,15,17,19,38,49,55,	2082	90				
8	9,21,26,32,38,42,47,53,	3391	91				
8	1,2,4,9,25,26,32,56,	3130	92				
8	2,20,21,34,40,42,44,56,	2775	93				
8	7,20,21,30,32,43,49,50,	1342	94				
8	14,26,30,40,43,44,49,55,	2422	95				
8	3,16,18,27,29,33,37,56,	1571	96				
8	8,16,20,30,32,34,37,54,	3039	97				
8	0,2,10,34,35,39,42,53,	4435	98				
8	7,18,21,41,48,50,51,55,	3342	99				
8	4,7,8,19,20,28,41,44,	605	100				
10	8,9,15,16,23,32,38,44,46,52,	2585	1				
10	6,11,30,31,33,37,46,53,54,55,	2804	2				
10	0,7,9,12,19,25,33,36,49,50,	3398	3				
10	0,4,14,16,18,20,21,29,37,56,	3081	4				
10	11,13,19,21,23,26,28,40,41,57,	3451	5				
10	1,2,15,33,35,36,37,46,47,50,	3429	6				
10	0,10,24,32,41,46,48,51,55,56,	5651	7				
10	3,4,13,19,26,33,41,46,50,54,	1661	8				
10	3,7,14,18,32,37,39,45,47,57,	3030	9				
10	0,2,6,8,23,24,36,37,39,53,	4582	10				
10	15,16,20,34,35,36,48,49,50,57,	6447	11				
10	1,14,21,28,30,34,43,46,50,54,	4183	12				
10	6,13,20,23,38,39,46,50,56,57,	4211	13				
10	11,22,23,27,28,29,32,43,47,57,	3127	14				
10	1,2,8,9,18,20,22,23,42,47,	2947	15				
10	0,1,18,20,21,24,28,47,53,57,	5783	16				
10	1,12,14,25,31,32,37,42,44,48,	5498	17				
10	2,4,17,18,32,36,44,47,48,50,	4328	18				
10	2,8,11,12,13,34,41,45,47,48,	5478	19				
10	10,11,24,29,31,44,46,47,50,52,	3274	20				
10	0,1,5,7,10,12,34,49,50,53,	5745	21				
10	4,8,16,18,20,23,24,27,39,55,	2263	22				
10	2,9,11,18,26,27,32,35,38,54,	3426	23				
10	10,12,16,25,35,38,44,46,47,50,	3054	24				
10	0,9,29,37,38,47,51,52,53,57,	5796	25				
10	3,12,13,16,28,29,31,38,45,49,	2347	26				
10	2,8,24,27,28,30,38,39,44,50,	3659	27				
10	1,23,29,33,36,38,39,42,51,52,	4043	28				
10	13,17,25,26,35,42,44,49,52,53,	2743	29				
10	0,7,11,14,18,21,42,46,50,53,	3152	30				
10	0,2,12,15,19,24,34,43,54,55,	4688	31				
10	6,9,14,18,33,36,42,43,53,56,	2847	32				
10	3,16,17,18,22,23,27,28,30,45,	1889	33				
10	10,12,14,20,24,26,29,41,46,47,	4131	34				
10	5,17,22,23,30,33,35,48,53,54,	4444	35				
10	11,18,21,34,35,36,38,44,53,55,	3735	36				
10	9,13,15,28,29,31,33,38,43,50,	2377	37				
10	4,8,16,31,32,34,38,40,47,56,	3682	38				
10	0,1,2,10,12,26,43,50,52,54,	5518	39				
10	10,11,13,14,23,26,33,39,42,49,	2780	40				
10	0,1,3,5,21,34,42,51,53,56,	4991	41				
10	3,9,14,21,31,37,41,44,50,52,	2520	42				
10	0,11,22,25,30,35,44,45,47,56,	3205	43				
10	3,7,16,23,26,33,37,38,45,56,	2895	44				
10	9,10,22,23,36,43,49,52,53,55,	3437	45				
10	1,13,20,25,33,39,41,42,52,53,	3568	46				
10	13,22,24,26,29,39,41,42,44,53,	3271	47				
10	21,22,27,28,34,35,38,40,44,57,	4888	48				
10	13,15,33,34,41,43,44,46,51,55,	2341	49				
10	0,1,18,19,27,34,40,42,44,57,	6048	50				
10	4,5,11,22,24,32,43,44,53,56,	2493	51				
10	11,26,30,34,41,43,46,48,54,57,	6855	52				
10	4,7,10,12,18,22,31,45,47,50,	2416	53				
10	4,7,10,11,25,34,37,45,53,56,	3413	54				
10	10,20,23,27,37,45,46,47,48,57,	5959	55				
10	4,5,14,16,24,25,27,45,54,57,	3545	56				
10	3,7,10,11,33,36,38,45,54,55,	2673	57				
10	0,2,13,22,30,34,44,52,54,57,	5844	58				
10	12,23,25,36,40,45,48,51,53,56,	4860	59				
10	6,9,10,16,22,32,45,47,49,53,	3012	60				
10	4,9,18,28,32,34,44,45,52,56,	2906	61				
10	6,19,22,26,30,35,39,48,50,52,	5682	62				
10	3,5,11,14,16,32,33,36,37,45,	2170	63				
10	0,4,5,15,16,24,28,46,51,55,	3195	64				
10	4,8,12,20,24,34,38,41,52,56,	4750	65				
10	14,21,23,24,25,28,32,34,40,41,	3167	66				
10	2,8,11,21,35,36,37,39,42,43,	2263	67				
10	15,16,23,28,38,43,47,49,51,54,	2022	68				
10	13,24,28,35,37,41,42,43,54,55,	1949	69				
10	15,17,19,20,32,39,40,44,49,56,	1509	70				
10	2,4,10,11,23,29,31,34,41,53,	3650	71				
10	19,25,30,31,32,39,40,41,46,56,	1992	72				
10	3,6,7,9,19,25,30,43,45,46,	1820	73				
10	0,2,8,9,23,24,41,46,53,56,	4002	74				
10	2,5,6,7,12,20,22,24,30,38,	4310	75				
10	2,5,7,16,19,23,24,30,32,37,	2869	76				
10	9,12,18,26,31,33,36,45,47,52,	3699	77				
10	0,6,13,15,24,36,44,50,54,56,	3932	78				
10	8,10,12,20,21,26,36,39,45,51,	3380	79				
10	9,24,26,34,36,41,44,46,50,51,	4367	80				
10	2,28,37,42,43,45,48,49,54,55,	3842	81				
10	3,8,16,21,32,37,44,47,50,55,	1454	82				
10	0,2,8,12,14,17,18,32,36,53,	3961	83				
10	1,6,13,19,32,35,39,42,43,52,	3159	84				
10	6,8,13,20,25,28,33,44,49,57,	2602	85				
10	9,10,12,17,22,25,35,38,46,55,	3190	86				
10	3,5,8,17,21,23,30,33,35,57,	2935	87				
10	9,10,15,18,19,20,32,34,37,57,	4816	88				
10	11,13,18,19,23,24,30,32,34,49,	3266	89				
10	3,6,15,17,19,28,38,44,49,55,	2095	90				
10	9,21,26,32,38,42,47,48,53,56,	5908	91				
10	1,2,3,4,9,25,26,32,37,56,	3433	92				
10	2,13,20,21,34,40,42,44,54,56,	2853	93				
10	7,20,21,30,32,36,43,49,50,52,	2580	94				
10	12,14,26,30,40,43,44,47,49,55,	3279	95				
10	3,16,18,27,29,33,37,38,54,56,	2466	96				
10	8,15,16,20,30,32,34,37,48,54,	5481	97				
10	0,2,10,13,20,34,35,39,42,53,	4627	98				
10	7,18,21,23,38,41,48,50,51,55,	4333	99				
10	4,7,8,19,20,22,28,29,41,44,	1025	100				
12	8,9,15,16,23,30,32,38,44,46,52,54,	3179	1				
12	6,11,16,25,30,31,33,37,46,53,54,55,	3016	2				
12	0,7,9,12,19,25,33,36,41,49,50,56,	3722	3				
12	0,4,14,16,18,20,21,27,29,37,48,56,	5660	4				
12	11,13,15,19,21,23,26,28,30,40,41,57,	4109	5				
12	1,2,15,21,31,33,35,36,37,46,47,50,	3688	6				
12	0,1,10,18,24,32,41,46,48,51,55,56,	6707	7				
12	3,4,13,19,22,26,33,41,42,46,50,54,	1960	8				
12	3,7,12,14,18,32,37,39,45,46,47,57,	3582	9				
12	0,2,6,8,23,24,36,37,39,45,52,53,	5118	10				
12	11,14,15,16,20,34,35,36,48,49,50,57,	6786	11				
12	1,14,21,28,30,34,36,38,43,46,50,54,	5365	12				
12	4,6,13,20,23,32,38,39,46,50,56,57,	4220	13				
12	9,11,22,23,27,28,29,32,40,43,47,57,	3699	14				
12	1,2,8,9,12,17,18,20,22,23,42,47,	3612	15				
12	0,1,13,17,18,20,21,24,28,47,53,57,	5922	16				
12	1,12,14,25,31,32,37,38,42,44,46,48,	6285	17				
12	2,4,17,18,32,36,42,44,47,48,50,53,	4836	18				
12	2,8,11,12,13,34,41,45,46,47,48,50,	5724	19				
12	10,11,12,24,29,30,31,44,46,47,50,52,	4306	20				
12	0,1,5,7,10,12,34,36,41,49,50,53,	6228	21				
12	4,8,14,16,18,20,23,24,27,39,43,55,	2642	22				
12	2,7,9,11,18,26,27,32,35,38,45,54,	3474	23				
12	6,10,12,16,25,28,35,38,44,46,47,50,	3464	24				
12	0,4,9,29,37,38,47,50,51,52,53,57,	5964	25				
12	1,3,10,12,13,16,28,29,31,38,45,49,	4165	26				
12	2,8,23,24,27,28,30,38,39,40,44,50,	3923	27				
12	1,23,26,29,33,36,38,39,42,47,51,52,	4972	28				
12	10,13,17,25,26,35,42,44,49,52,53,57,	4762	29				
12	0,7,11,14,18,20,21,33,42,46,50,53,	3338	30				
12	0,2,3,12,15,19,24,25,34,43,54,55,	4710	31				
12	6,8,9,14,18,29,33,36,42,43,53,56,	3011	32				
12	3,5,16,17,18,22,23,27,28,30,45,54,	2160	33				
12	1,10,11,12,14,20,24,26,29,41,46,47,	5381	34				
12	5,17,22,23,25,30,33,35,40,48,53,54,	4708	35				
12	11,18,21,28,34,35,36,38,44,47,53,55,	3952	36				
12	0,9,12,13,15,28,29,31,33,38,43,50,	4125	37				
12	4,8,16,19,30,31,32,34,38,40,47,56,	4259	38				
12	0,1,2,5,10,12,24,26,43,50,52,54,	6238	39				
12	6,10,11,13,14,23,26,28,33,39,42,49,	3190	40				
12	0,1,3,5,13,21,34,42,51,53,54,56,	5054	41				
12	3,9,14,17,21,28,31,37,41,44,50,52,	2644	42				
12	0,11,22,25,30,35,40,44,45,47,55,56,	3534	43				
12	3,5,7,16,23,26,33,37,38,45,48,56,	5557	44				
12	9,10,16,22,23,28,36,43,49,52,53,55,	3633	45				
12	1,13,20,22,25,33,34,39,41,42,52,53,	4679	46				
12	0,13,18,22,24,26,29,39,41,42,44,53,	4462	47				
12	1,21,22,27,28,34,35,38,40,44,56,57,	6121	48				
12	2,13,15,26,33,34,41,43,44,46,51,55,	3496	49				
12	0,1,5,10,18,19,27,34,40,42,44,57,	6642	50				
12	4,5,11,22,24,30,32,33,43,44,53,56,	3027	51				
12	11,26,30,34,41,43,46,48,52,53,54,57,	7626	52				
12	4,7,10,12,18,22,23,27,31,45,47,50,	2895	53				
12	4,7,10,11,25,27,34,37,45,53,56,57,	5121	54				
12	10,20,23,25,27,37,45,46,47,48,51,57,	6003	55				
12	4,5,14,15,16,19,24,25,27,45,54,57,	3736	56				
12	3,7,10,11,33,36,37,38,45,46,54,55,	3102	57				
12	0,2,13,22,30,34,43,44,50,52,54,57,	6052	58				
12	12,23,25,36,40,44,45,46,48,51,53,56,	4952	59				
12	6,9,10,14,16,22,31,32,45,47,49,53,	3500	60				
12	4,9,18,28,32,34,36,40,44,45,52,56,	3622	61				
12	6,14,19,22,26,30,35,39,42,48,50,52,	5996	62				
12	3,5,9,11,14,16,32,33,36,37,45,46,	2612	63				
12	0,4,5,15,16,17,21,24,28,46,51,55,	3346	64				
12	4,8,12,20,24,34,38,39,41,47,52,56,	5110	65				
12	14,21,23,24,25,28,32,34,40,41,47,54,	3426	66				
12	2,8,11,21,35,36,37,39,42,43,50,51,	2496	67				
12	12,15,16,23,28,31,38,43,47,49,51,54,	2812	68				
12	13,24,28,33,35,37,40,41,42,43,54,55,	2175	69				
12	13,15,17,19,20,32,39,40,42,44,49,56,	1704	70				
12	2,4,9,10,11,23,29,31,34,41,46,53,	4035	71				
12	8,19,25,27,30,31,32,39,40,41,46,56,	2494	72				
12	3,6,7,8,9,19,25,30,43,45,46,55,	1983	73				
12	0,2,4,8,9,15,23,24,41,46,53,56,	4150	74				
12	2,5,6,7,12,20,22,24,30,31,38,43,	4557	75				
12	2,5,7,16,19,23,24,30,32,34,37,50,	4265	76				
12	1,9,12,13,18,26,31,33,36,45,47,52,	4857	77				
12	0,6,13,15,20,24,33,36,44,50,54,56,	4087	78				
12	3,8,10,12,20,21,25,26,36,39,45,51,	3413	79				
12	9,19,24,26,34,36,41,42,44,46,50,51,	4465	80				
12	2,11,28,37,41,42,43,45,48,49,54,55,	4169	81				
12	3,8,16,21,32,37,43,44,47,50,52,55,	2126	82				
12	0,2,8,12,14,17,18,19,32,36,53,57,	5196	83				
12	1,6,13,19,32,35,37,39,40,42,43,52,	3586	84				
12	6,8,13,20,25,28,33,35,44,45,49,57,	2700	85				
12	9,10,12,17,22,25,35,38,41,46,51,55,	3346	86				
12	3,5,8,12,16,17,21,23,30,33,35,57,	3588	87				
12	1,9,10,15,18,19,20,32,34,37,56,57,	6064	88				
12	3,11,13,18,19,23,24,30,32,33,34,49,	3275	89				
12	3,4,6,10,15,17,19,28,38,44,49,55,	2650	90				
12	9,21,26,29,31,32,38,42,47,48,53,56,	6195	91				
12	1,2,3,4,9,25,26,32,37,54,55,56,	3553	92				
12	2,13,19,20,21,25,34,40,42,44,54,56,	2922	93				
12	0,7,20,21,26,30,32,36,43,49,50,52,	4541	94				
12	12,14,24,26,30,40,43,44,47,49,51,55,	3964	95				
12	2,3,16,18,27,29,33,37,38,40,54,56,	3021	96				
12	3,8,15,16,20,30,31,32,34,37,48,54,	5659	97				
12	0,2,6,10,12,13,20,34,35,39,42,53,	5341	98				
12	7,18,21,23,31,32,38,41,48,50,51,55,	4555	99				
12	4,7,8,19,20,22,28,29,41,44,56,57,	2895	100				
14	8,9,15,16,22,23,30,32,38,44,46,51,52,54,	3413	1				
14	6,11,16,25,26,30,31,33,37,46,49,53,54,55,	3811	2				
14	0,7,9,12,19,24,25,33,36,41,49,50,56,57,	5491	3				
14	0,4,10,14,16,18,20,21,27,29,37,46,48,56,	6198	4				
14	11,13,15,18,19,21,23,26,28,30,34,40,41,57,	5304	5				
14	1,2,14,15,21,31,33,35,36,37,46,47,48,50,	6260	6				
14	0,1,10,18,20,24,32,36,41,46,48,51,55,56,	7219	7				
14	3,4,13,19,22,26,33,39,41,42,46,48,50,54,	4615	8				
14	3,7,12,14,17,18,21,32,37,39,45,46,47,57,	3723	9				
14	0,2,5,6,8,23,24,36,37,39,43,45,52,53,	5350	10				
14	11,14,15,16,18,20,26,34,35,36,48,49,50,57,	7384	11				
14	1,14,21,28,30,34,35,36,38,43,46,48,50,54,	7489	12				
14	4,6,9,13,14,20,23,32,38,39,46,50,56,57,	4750	13				
14	9,11,22,23,27,28,29,32,40,43,44,47,50,57,	3891	14				
14	1,2,8,9,12,16,17,18,19,20,22,23,42,47,	3826	15				
14	0,1,13,17,18,19,20,21,24,28,47,52,53,57,	6412	16				
14	1,12,14,24,25,31,32,37,38,42,44,46,48,50,	6957	17				
14	2,4,17,18,29,32,36,42,44,47,48,50,53,55,	5050	18				
14	2,8,11,12,13,27,34,41,45,46,47,48,50,55,	6109	19				
14	0,5,10,11,12,24,29,30,31,44,46,47,50,52,	5465	20				
14	0,1,5,7,10,12,25,29,34,36,41,49,50,53,	6336	21				
14	4,8,12,14,16,18,20,23,24,27,39,43,52,55,	3718	22				
14	2,7,9,11,18,25,26,27,32,35,38,43,45,54,	3544	23				
14	6,10,12,16,25,28,35,38,44,46,47,50,54,56,	3684	24				
14	0,4,9,16,20,29,37,38,47,50,51,52,53,57,	6228	25				
14	0,1,3,10,12,13,16,28,29,31,38,45,49,57,	6449	26				
14	2,8,19,20,23,24,27,28,30,38,39,40,44,50,	4130	27				
14	1,23,26,29,30,33,36,38,39,42,47,51,52,53,	5928	28				
14	4,10,13,16,17,25,26,35,42,44,49,52,53,57,	4895	29				
14	0,7,11,14,18,20,21,33,42,46,47,50,53,54,	3622	30				
14	0,2,3,12,13,15,19,22,24,25,34,43,54,55,	4938	31				
14	6,8,9,14,18,27,29,33,36,40,42,43,53,56,	3597	32				
14	3,5,6,16,17,18,22,23,27,28,30,45,51,54,	2622	33				
14	1,10,11,12,14,20,24,26,29,36,41,43,46,47,	5814	34				
14	5,6,17,22,23,25,30,33,35,40,48,53,54,57,	6213	35				
14	7,11,18,21,28,33,34,35,36,38,44,47,53,55,	3983	36				
14	0,2,9,12,13,15,28,29,31,33,38,41,43,50,	4525	37				
14	4,8,14,16,19,30,31,32,34,38,39,40,47,56,	4703	38				
14	0,1,2,5,7,10,12,24,26,43,44,50,52,54,	6263	39				
14	6,10,11,13,14,23,26,28,33,34,39,42,49,56,	4609	40				
14	0,1,3,5,10,13,20,21,34,42,51,53,54,56,	5598	41				
14	2,3,9,14,17,21,28,31,35,37,41,44,50,52,	3071	42				
14	0,1,11,22,25,30,31,35,40,44,45,47,55,56,	4793	43				
14	3,5,7,16,23,26,29,33,37,38,43,45,48,56,	5680	44				
14	3,6,9,10,16,22,23,28,36,43,49,52,53,55,	4029	45				
14	1,13,20,22,25,29,33,34,39,41,42,49,52,53,	4822	46				
14	0,5,12,13,18,22,24,26,29,39,41,42,44,53,	5061	47				
14	1,21,22,23,27,28,34,35,38,40,44,45,56,57,	6201	48				
14	2,8,13,15,26,33,34,41,43,44,46,47,51,55,	3745	49				
14	0,1,5,10,18,19,27,31,34,40,42,44,47,57,	6934	50				
14	4,5,11,12,22,24,30,32,33,43,44,52,53,56,	4104	51				
14	10,11,26,30,34,36,41,43,46,48,52,53,54,57,	8482	52				
14	4,7,10,12,16,18,22,23,27,31,37,45,47,50,	3361	53				
14	4,7,10,11,19,25,27,34,37,42,45,53,56,57,	5242	54				
14	6,10,20,23,25,27,37,39,45,46,47,48,51,57,	6521	55				
14	4,5,14,15,16,19,24,25,27,38,45,51,54,57,	4643	56				
14	3,7,10,11,13,23,33,36,37,38,45,46,54,55,	3285	57				
14	0,1,2,13,22,30,34,37,43,44,50,52,54,57,	7133	58				
14	10,12,23,25,26,36,40,44,45,46,48,51,53,56,	6258	59				
14	6,9,10,14,16,22,31,32,34,40,45,47,49,53,	4628	60				
14	3,4,8,9,18,28,32,34,36,40,44,45,52,56,	3659	61				
14	6,14,19,22,26,30,33,35,39,42,45,48,50,52,	6008	62				
14	3,5,9,11,12,13,14,16,32,33,36,37,45,46,	3172	63				
14	0,4,5,15,16,17,21,24,25,28,31,46,51,55,	3551	64				
14	4,8,12,20,24,34,38,39,41,47,52,53,56,57,	6611	65				
14	14,19,21,23,24,25,28,32,33,34,40,41,47,54,	3468	66				
14	2,5,8,11,21,35,36,37,39,42,43,50,51,56,	2939	67				
14	12,13,15,16,18,23,28,31,38,43,47,49,51,54,	2894	68				
14	13,24,28,33,34,35,37,40,41,42,43,50,54,55,	3607	69				
14	13,15,17,18,19,20,22,32,39,40,42,44,49,56,	1948	70				
14	2,4,9,10,11,23,29,31,34,41,45,46,53,54,	4060	71				
14	8,12,19,25,27,30,31,32,39,40,41,46,54,56,	2997	72				
14	3,6,7,8,9,19,25,28,30,43,45,46,49,55,	2042	73				
14	0,2,4,8,9,13,15,20,23,24,41,46,53,56,	4369	74				
14	2,5,6,7,12,20,22,24,30,31,35,38,43,51,	4666	75				
14	2,5,7,16,19,21,23,24,30,32,34,37,45,50,	4310	76				
14	1,9,12,13,15,18,26,31,33,36,44,45,47,52,	5012	77				
14	0,6,13,15,20,22,24,33,36,44,47,50,54,56,	4512	78				
14	3,8,10,12,20,21,22,25,26,36,39,45,47,51,	3873	79				
14	9,19,21,23,24,26,34,36,41,42,44,46,50,51,	4560	80				
14	0,2,11,28,37,41,42,43,45,48,49,53,54,55,	5681	81				
14	3,8,16,21,25,32,35,37,43,44,47,50,52,55,	2218	82				
14	0,2,3,5,8,12,14,17,18,19,32,36,53,57,	5389	83				
14	1,6,12,13,19,29,32,35,37,39,40,42,43,52,	4176	84				
14	6,8,13,20,25,28,33,34,35,44,45,49,55,57,	4053	85				
14	9,10,12,17,18,22,25,26,35,38,41,46,51,55,	4205	86				
14	3,5,8,12,16,17,21,23,30,33,35,49,56,57,	3881	87				
14	0,1,9,10,15,18,19,20,30,32,34,37,56,57,	7269	88				
14	3,11,13,18,19,23,24,25,30,32,33,34,49,53,	3563	89				
14	3,4,6,8,10,15,17,19,28,32,38,44,49,55,	2702	90				
14	9,21,25,26,29,31,32,38,42,47,48,53,54,56,	6226	91				
14	1,2,3,4,9,24,25,26,32,37,40,54,55,56,	4316	92				
14	2,10,13,19,20,21,25,34,40,42,44,49,54,56,	3538	93				
14	0,7,20,21,25,26,30,32,36,43,49,50,52,54,	4577	94				
14	12,14,15,24,26,30,40,43,44,47,49,50,51,55,	4288	95				
14	2,3,12,16,18,27,29,33,34,37,38,40,54,56,	4744	96				
14	3,8,15,16,20,30,31,32,34,37,38,48,54,57,	7539	97				
14	0,2,6,7,10,12,13,20,34,35,39,42,43,53,	5406	98				
14	3,7,18,21,23,31,32,36,38,41,48,50,51,55,	5138	99				
14	4,7,8,10,15,19,20,22,28,29,41,44,56,57,	3637	100				
16	2,8,9,15,16,22,23,28,30,32,38,44,46,51,52,54,	3765	1				
16	6,11,15,16,25,26,30,31,33,37,43,46,49,53,54,55,	4001	2				
16	0,2,7,9,12,18,19,24,25,33,36,41,49,50,56,57,	5762	3				
16	0,4,10,14,16,18,20,21,27,29,37,40,45,46,48,56,	6373	4				
16	0,11,13,15,18,19,21,23,26,28,30,34,40,41,51,57,	6260	5				
16	1,2,14,15,17,21,27,31,33,35,36,37,46,47,48,50,	6675	6				
16	0,1,10,18,20,24,29,32,36,38,41,46,48,51,55,56,	7881	7				
16	2,3,4,13,19,22,26,33,39,40,41,42,46,48,50,54,	5139	8				
16	2,3,7,12,14,17,18,21,32,37,39,45,46,47,56,57,	4295	9				
16	0,2,5,6,8,16,23,24,36,37,39,43,45,50,52,53,	5633	10				
16	2,11,14,15,16,18,20,26,29,34,35,36,48,49,50,57,	7721	11				
16	1,14,20,21,28,30,34,35,36,38,40,43,46,48,50,54,	7720	12				
16	4,6,9,13,14,20,23,25,32,38,39,46,50,54,56,57,	4789	13				
16	9,11,12,13,22,23,27,28,29,32,40,43,44,47,50,57,	4388	14				
16	1,2,8,9,12,15,16,17,18,19,20,22,23,32,42,47,	3984	15				
16	0,1,10,13,17,18,19,20,21,24,26,28,47,52,53,57,	7447	16				
16	1,9,12,14,24,25,31,32,35,37,38,42,44,46,48,50,	7224	17				
16	0,2,4,17,18,29,32,36,42,44,47,48,50,52,53,55,	6515	18				
16	0,2,7,8,11,12,13,27,34,41,45,46,47,48,50,55,	6971	19				
16	0,5,10,11,12,21,22,24,29,30,31,44,46,47,50,52,	5676	20				
16	0,1,5,7,10,12,25,29,32,34,35,36,41,49,50,53,	6346	21				
16	4,8,12,14,16,18,20,23,24,25,27,39,43,50,52,55,	3891	22				
16	2,6,7,9,11,18,22,25,26,27,32,35,38,43,45,54,	4092	23				
16	6,10,12,16,18,25,28,35,38,41,44,46,47,50,54,56,	3810	24				
16	0,4,9,16,20,29,31,37,38,47,50,51,52,53,54,57,	6390	25				
16	0,1,3,10,12,13,16,28,29,31,34,38,45,49,50,57,	7470	26				
16	2,4,8,19,20,23,24,27,28,30,38,39,40,44,46,50,	4216	27				
16	1,6,14,23,26,29,30,33,36,38,39,42,47,51,52,53,	6451	28				
16	4,6,10,13,16,17,25,26,30,35,42,44,49,52,53,57,	5719	29				
16	0,7,11,14,18,20,21,33,42,44,46,47,50,53,54,55,	3723	30				
16	0,2,3,5,12,13,15,19,22,24,25,34,43,53,54,55,	5339	31				
16	4,6,8,9,14,18,27,29,33,36,40,42,43,52,53,56,	4168	32				
16	3,5,6,7,16,17,18,20,22,23,27,28,30,45,51,54,	2886	33				
16	1,10,11,12,14,20,24,26,29,36,37,41,43,44,46,47,	6051	34				
16	5,6,17,22,23,25,30,33,35,40,47,48,51,53,54,57,	6502	35				
16	2,7,11,15,18,21,28,33,34,35,36,38,44,47,53,55,	4434	36				
16	0,2,9,12,13,15,18,19,28,29,31,33,38,41,43,50,	4575	37				
16	4,5,8,14,16,19,30,31,32,33,34,38,39,40,47,56,	4908	38				
16	0,1,2,5,7,10,12,19,24,26,43,44,47,50,52,54,	6471	39				
16	1,6,10,11,13,14,23,26,28,33,34,39,40,42,49,56,	5748	40				
16	0,1,3,5,10,13,18,20,21,34,38,42,51,53,54,56,	6168	41				
16	2,3,9,14,17,21,26,28,31,32,35,37,41,44,50,52,	3864	42				
16	0,1,11,22,24,25,30,31,35,40,43,44,45,47,55,56,	5402	43				
16	0,3,5,7,16,23,26,29,33,37,38,43,45,48,50,56,	6696	44				
16	1,3,6,9,10,16,22,23,28,36,43,44,49,52,53,55,	5099	45				
16	1,13,20,22,25,27,29,33,34,39,41,42,48,49,52,53,	7242	46				
16	0,5,12,13,18,22,24,26,29,39,41,42,44,46,50,53,	5252	47				
16	1,21,22,23,27,28,32,34,35,38,39,40,44,45,56,57,	6379	48				
16	2,8,13,15,26,33,34,41,42,43,44,46,47,51,53,55,	4085	49				
16	0,1,5,10,12,18,19,27,31,34,36,40,42,44,47,57,	7631	50				
16	4,5,11,12,22,24,25,30,32,33,36,43,44,52,53,56,	4573	51				
16	10,11,26,30,32,34,36,41,43,46,48,52,53,54,56,57,	8660	52				
16	4,7,9,10,12,16,18,22,23,27,31,37,45,47,50,53,	4263	53				
16	4,7,9,10,11,19,25,27,34,37,42,45,46,53,56,57,	5635	54				
16	6,10,19,20,23,25,27,37,39,45,46,47,48,51,56,57,	6773	55				
16	4,5,9,14,15,16,19,22,24,25,27,38,45,51,54,57,	5121	56				
16	3,7,10,11,13,20,22,23,33,36,37,38,45,46,54,55,	3652	57				
16	0,1,2,10,13,22,30,34,36,37,43,44,50,52,54,57,	7892	58				
16	7,10,12,23,25,26,36,40,44,45,46,48,51,52,53,56,	6784	59				
16	5,6,9,10,14,16,22,31,32,34,40,42,45,47,49,53,	4876	60				
16	3,4,8,9,18,21,28,32,34,36,40,42,44,45,52,56,	3784	61				
16	6,14,19,22,26,28,30,33,35,36,39,42,45,48,50,52,	6483	62				
16	3,5,9,11,12,13,14,16,31,32,33,36,37,45,46,53,	3883	63				
16	0,4,5,15,16,17,21,23,24,25,28,31,34,46,51,55,	4739	64				
16	4,8,12,20,24,27,32,34,38,39,41,47,52,53,56,57,	6862	65				
16	14,15,19,21,23,24,25,28,32,33,34,40,41,47,52,54,	4198	66				
16	2,5,8,9,11,21,28,35,36,37,39,42,43,50,51,56,	3267	67				
16	12,13,15,16,18,23,28,31,38,43,47,49,50,51,52,54,	3541	68				
16	6,13,24,28,33,34,35,37,40,41,42,43,50,51,54,55,	3985	69				
16	13,15,17,18,19,20,22,32,38,39,40,42,44,49,51,56,	2860	70				
16	2,4,9,10,11,23,29,31,34,37,40,41,45,46,53,54,	4508	71				
16	3,8,12,19,25,27,30,31,32,39,40,41,46,50,54,56,	3232	72				
16	3,5,6,7,8,9,17,19,25,28,30,43,45,46,49,55,	2446	73				
16	0,2,4,6,8,9,13,15,20,23,24,26,41,46,53,56,	5341	74				
16	2,4,5,6,7,12,20,22,24,30,31,35,38,39,43,51,	4834	75				
16	2,5,7,16,19,21,23,24,26,30,32,34,37,45,49,50,	5016	76				
16	1,4,9,12,13,15,18,26,31,33,36,37,44,45,47,52,	5253	77				
16	0,6,13,14,15,19,20,22,24,33,36,44,47,50,54,56,	4792	78				
16	3,8,10,12,20,21,22,25,26,28,34,36,39,45,47,51,	5034	79				
16	9,10,19,21,23,24,26,28,34,36,41,42,44,46,50,51,	5146	80				
16	0,2,11,20,28,37,38,41,42,43,45,48,49,53,54,55,	6554	81				
16	1,2,3,8,16,21,25,32,35,37,43,44,47,50,52,55,	3603	82				
16	0,2,3,5,8,12,14,16,17,18,19,21,32,36,53,57,	5575	83				
16	1,6,12,13,19,26,29,32,33,35,37,39,40,42,43,52,	4874	84				
16	6,8,13,20,25,28,31,33,34,35,40,44,45,49,55,57,	4432	85				
16	9,10,12,17,18,22,23,25,26,35,38,41,46,51,55,57,	5694	86				
16	3,5,8,12,14,16,17,21,23,26,30,33,35,49,56,57,	4881	87				
16	0,1,9,10,15,18,19,20,27,30,32,34,37,54,56,57,	7542	88				
16	3,11,13,18,19,23,24,25,30,32,33,34,42,49,53,56,	3894	89				
16	3,4,6,8,10,15,17,19,28,32,38,44,45,49,55,56,	2929	90				
16	9,10,21,25,26,29,31,32,38,42,43,47,48,53,54,56,	6719	91				
16	1,2,3,4,9,11,23,24,25,26,32,37,40,54,55,56,	4558	92				
16	2,10,13,17,19,20,21,25,34,36,40,42,44,49,54,56,	4157	93				
16	0,7,20,21,25,26,30,32,36,43,49,50,52,54,55,56,	4824	94				
16	6,7,12,14,15,24,26,30,40,43,44,47,49,50,51,55,	4658	95				
16	2,3,6,11,12,16,18,27,29,33,34,37,38,40,54,56,	5226	96				
16	3,5,8,15,16,20,25,30,31,32,34,37,38,48,54,57,	7731	97				
16	0,2,6,7,10,12,13,20,34,35,39,42,43,45,53,54,	5427	98				
16	3,7,18,21,23,31,32,36,38,41,48,50,51,52,55,56,	5787	99				
16	4,7,8,10,12,15,18,19,20,22,28,29,41,44,56,57,	4127	100				
18	2,8,9,15,16,19,22,23,25,28,30,32,38,44,46,51,52,54,	3825	1				
18	1,6,11,15,16,25,26,30,31,33,37,43,45,46,49,53,54,55,	5174	2				
18	0,2,7,9,10,12,18,19,24,25,33,36,40,41,49,50,56,57,	6389	3				
18	0,3,4,10,14,16,18,20,21,27,29,35,37,40,45,46,48,56,	6446	4				
18	0,11,13,15,18,19,21,23,26,28,30,34,40,41,44,51,55,57,	6343	5				
18	1,2,14,15,16,17,21,23,27,31,33,35,36,37,46,47,48,50,	6855	6				
18	0,1,9,10,18,20,24,27,29,32,36,38,41,46,48,51,55,56,	8294	7				
18	0,2,3,4,13,19,22,26,32,33,39,40,41,42,46,48,50,54,	6106	8				
18	2,3,7,8,12,14,17,18,21,29,32,37,39,45,46,47,56,57,	4420	9				
18	0,2,5,6,8,16,23,24,36,37,39,43,45,47,48,50,52,53,	7713	10				
18	2,11,14,15,16,18,20,26,29,34,35,36,41,48,49,50,53,57,	7977	11				
18	1,5,14,20,21,22,28,30,34,35,36,38,40,43,46,48,50,54,	8016	12				
18	4,6,9,13,14,20,23,25,30,32,38,39,46,50,54,55,56,57,	5346	13				
18	9,10,11,12,13,18,22,23,27,28,29,32,40,43,44,47,50,57,	4950	14				
18	1,2,8,9,12,13,15,16,17,18,19,20,22,23,26,32,42,47,	4718	15				
18	0,1,10,13,17,18,19,20,21,24,26,28,31,39,47,52,53,57,	7733	16				
18	1,9,12,14,18,24,25,31,32,35,37,38,42,43,44,46,48,50,	7268	17				
18	0,2,4,17,18,23,29,32,36,40,42,44,47,48,50,52,53,55,	6731	18				
18	0,2,7,8,11,12,13,27,30,33,34,41,45,46,47,48,50,55,	7344	19				
18	0,1,2,5,10,11,12,21,22,24,29,30,31,44,46,47,50,52,	6799	20				
18	0,1,5,7,8,10,12,25,29,32,34,35,36,41,49,50,52,53,	6738	21				
18	4,8,12,13,14,16,18,20,23,24,25,27,39,43,48,50,52,55,	6125	22				
18	2,6,7,8,9,11,18,22,25,26,27,32,35,38,43,45,54,56,	4317	23				
18	6,10,12,16,18,22,25,27,28,35,38,41,44,46,47,50,54,56,	4327	24				
18	0,4,9,16,19,20,27,29,31,37,38,47,50,51,52,53,54,57,	6697	25				
18	0,1,3,10,12,13,15,16,28,29,31,34,38,45,46,49,50,57,	7616	26				
18	2,4,8,16,19,20,23,24,27,28,30,38,39,40,41,44,46,50,	4490	27				
18	1,2,6,14,23,26,29,30,33,36,38,39,42,47,48,51,52,53,	8576	28				
18	4,6,10,13,16,17,25,26,30,35,42,44,49,51,52,53,54,57,	5767	29				
18	0,7,11,14,15,18,20,21,33,34,42,44,46,47,50,53,54,55,	4752	30				
18	0,2,3,5,10,12,13,15,19,22,24,25,34,42,43,53,54,55,	5879	31				
18	4,6,8,9,14,18,22,27,29,33,36,39,40,42,43,52,53,56,	4566	32				
18	3,5,6,7,16,17,18,20,22,23,27,28,30,34,37,45,51,54,	4442	33				
18	1,10,11,12,14,15,20,24,26,29,36,37,41,43,44,46,47,54,	6195	34				
18	5,6,16,17,22,23,25,30,33,35,40,44,47,48,51,53,54,57,	6670	35				
18	2,7,9,11,15,18,21,28,33,34,35,36,38,44,46,47,53,55,	4778	36				
18	0,2,4,9,12,13,15,18,19,28,29,31,33,38,41,43,50,54,	4593	37				
18	4,5,8,14,16,19,24,30,31,32,33,34,36,38,39,40,47,56,	5909	38				
18	0,1,2,5,7,10,12,19,22,24,26,39,43,44,47,50,52,54,	6786	39				
18	1,6,10,11,13,14,15,23,26,28,33,34,39,40,42,44,49,56,	5888	40				
18	0,1,3,5,10,13,18,20,21,22,34,35,38,42,51,53,54,56,	6321	41				
18	0,2,3,9,14,17,21,26,28,31,32,35,37,41,44,50,52,56,	5101	42				
18	0,1,6,11,22,24,25,30,31,35,40,43,44,45,47,49,55,56,	5717	43				
18	0,3,5,7,14,16,23,26,29,33,35,37,38,43,45,48,50,56,	6981	44				
18	1,3,5,6,9,10,16,22,23,28,36,40,43,44,49,52,53,55,	5374	45				
18	1,13,19,20,22,25,26,27,29,33,34,39,41,42,48,49,52,53,	7885	46				
18	0,5,12,13,18,20,22,24,26,29,31,39,41,42,44,46,50,53,	5558	47				
18	1,21,22,23,27,28,32,33,34,35,38,39,40,44,45,49,56,57,	6402	48				
18	2,8,13,15,25,26,33,34,41,42,43,44,46,47,50,51,53,55,	4255	49				
18	0,1,5,10,12,18,19,27,31,34,36,37,40,42,44,47,51,57,	7838	50				
18	4,5,11,12,22,24,25,30,32,33,36,41,42,43,44,52,53,56,	4780	51				
18	5,8,10,11,26,30,32,34,36,41,43,46,48,52,53,54,56,57,	8805	52				
18	0,4,7,9,10,12,16,18,20,22,23,27,31,37,45,47,50,53,	5433	53				
18	0,4,7,9,10,11,19,23,25,27,34,37,42,45,46,53,56,57,	6540	54				
18	4,6,10,12,19,20,23,25,27,37,39,45,46,47,48,51,56,57,	7098	55				
18	4,5,9,14,15,16,19,22,24,25,27,37,38,40,45,51,54,57,	5598	56				
18	3,7,10,11,13,20,22,23,30,33,36,37,38,42,45,46,54,55,	4272	57				
18	0,1,2,10,13,22,23,30,34,36,37,43,44,49,50,52,54,57,	7967	58				
18	7,10,12,23,25,26,27,36,40,41,44,45,46,48,51,52,53,56,	7210	59				
18	1,5,6,9,10,11,14,16,22,31,32,34,40,42,45,47,49,53,	5945	60				
18	1,3,4,7,8,9,18,21,28,32,34,36,40,42,44,45,52,56,	4791	61				
18	6,14,19,20,22,26,28,30,33,35,36,39,42,45,47,48,50,52,	6868	62				
18	3,5,9,11,12,13,14,16,19,31,32,33,36,37,45,46,53,55,	4018	63				
18	0,4,5,15,16,17,21,23,24,25,28,31,34,37,46,48,51,55,	6944	64				
18	4,8,12,20,24,27,32,34,36,37,38,39,41,47,52,53,56,57,	7449	65				
18	3,14,15,18,19,21,23,24,25,28,32,33,34,40,41,47,52,54,	4211	66				
18	2,5,8,9,11,21,26,28,35,36,37,39,42,43,50,51,53,56,	4464	67				
18	0,12,13,15,16,18,20,23,28,31,38,43,47,49,50,51,52,54,	4878	68				
18	4,6,11,13,24,28,33,34,35,37,40,41,42,43,50,51,54,55,	4141	69				
18	13,15,17,18,19,20,22,30,32,38,39,40,42,44,46,49,51,56,	3480	70				
18	2,4,9,10,11,23,24,29,31,34,37,40,41,45,46,51,53,54,	5093	71				
18	3,8,12,19,21,25,27,30,31,32,39,40,41,46,48,50,54,56,	5507	72				
18	3,5,6,7,8,9,17,19,25,28,30,32,41,43,45,46,49,55,	2583	73				
18	0,2,4,6,8,9,10,13,15,16,20,23,24,26,41,46,53,56,	5958	74				
18	2,4,5,6,7,12,19,20,22,24,30,31,35,38,39,43,51,57,	6131	75				
18	2,5,7,16,19,20,21,23,24,26,30,32,34,37,45,46,49,50,	5222	76				
18	1,4,9,12,13,15,16,18,26,31,33,36,37,44,45,47,52,53,	5875	77				
18	0,6,13,14,15,19,20,22,24,33,34,36,37,44,47,50,54,56,	5997	78				
18	3,8,10,12,20,21,22,25,26,28,29,34,36,39,43,45,47,51,	5179	79				
18	9,10,19,21,23,24,26,28,34,36,40,41,42,44,46,50,51,57,	6555	80				
18	0,2,6,11,20,28,31,37,38,41,42,43,45,48,49,53,54,55,	7012	81				
18	1,2,3,8,16,21,25,32,35,37,43,44,45,47,50,52,55,57,	5125	82				
18	0,2,3,5,8,12,14,16,17,18,19,21,32,36,49,51,53,57,	5616	83				
18	1,6,12,13,15,19,22,26,29,32,33,35,37,39,40,42,43,52,	5205	84				
18	6,8,9,13,20,25,26,28,31,33,34,35,40,44,45,49,55,57,	5412	85				
18	8,9,10,12,17,18,22,23,25,26,31,35,38,41,46,51,55,57,	5915	86				
18	3,5,8,12,14,16,17,19,21,23,26,27,30,33,35,49,56,57,	5234	87				
18	0,1,9,10,15,18,19,20,27,30,32,34,37,44,47,54,56,57,	7700	88				
18	3,11,13,18,19,23,24,25,30,32,33,34,39,42,49,52,53,56,	4656	89				
18	0,3,4,6,8,10,15,17,19,28,32,35,38,44,45,49,55,56,	4212	90				
18	9,10,21,25,26,29,31,32,38,39,42,43,47,48,50,53,54,56,	7035	91				
18	1,2,3,4,9,11,15,19,23,24,25,26,32,37,40,54,55,56,	4745	92				
18	2,9,10,13,15,17,19,20,21,25,34,36,40,42,44,49,54,56,	4558	93				
18	0,2,7,20,21,25,26,29,30,32,36,43,49,50,52,54,55,56,	5180	94				
18	5,6,7,12,14,15,23,24,26,30,40,43,44,47,49,50,51,55,	4921	95				
18	2,3,6,11,12,16,18,27,29,33,34,37,38,40,47,54,55,56,	5507	96				
18	3,5,8,15,16,20,25,30,31,32,34,37,38,47,48,51,54,57,	7932	97				
18	0,2,6,7,10,12,13,15,20,32,34,35,39,42,43,45,53,54,	5558	98				
18	3,4,7,18,21,23,31,32,35,36,38,41,48,50,51,52,55,56,	5867	99				
18	4,7,8,10,12,13,15,18,19,20,22,28,29,31,41,44,56,57,	4388	100				
20	2,8,9,15,16,19,20,22,23,25,28,30,32,38,44,46,51,52,53,54,	4547	1				
20	1,6,11,13,15,16,23,25,26,30,31,33,37,43,45,46,49,53,54,55,	5292	2				
20	0,2,7,9,10,11,12,18,19,24,25,30,33,36,40,41,49,50,56,57,	6911	3				
20	0,3,4,10,14,16,18,19,20,21,27,29,33,35,37,40,45,46,48,56,	6478	4				
20	0,11,13,15,18,19,21,22,23,25,26,28,30,34,40,41,44,51,55,57,	6507	5				
20	1,2,14,15,16,17,21,23,25,27,31,33,35,36,37,45,46,47,48,50,	6877	6				
20	0,1,9,10,13,18,20,24,27,29,32,36,38,39,41,46,48,51,55,56,	8487	7				
20	0,2,3,4,7,13,18,19,22,26,32,33,39,40,41,42,46,48,50,54,	6144	8				
20	2,3,7,8,12,14,17,18,21,24,29,32,37,39,45,46,47,55,56,57,	5092	9				
20	0,2,5,6,8,12,16,19,23,24,36,37,39,43,45,47,48,50,52,53,	8034	10				
20	2,9,11,12,14,15,16,18,20,26,29,34,35,36,41,48,49,50,53,57,	8535	11				
20	1,5,14,16,20,21,22,28,30,33,34,35,36,38,40,43,46,48,50,54,	8116	12				
20	4,6,7,9,13,14,20,23,25,28,30,32,38,39,46,50,54,55,56,57,	5385	13				
20	7,9,10,11,12,13,18,22,23,27,28,29,32,40,43,44,47,50,51,57,	5003	14				
20	1,2,8,9,12,13,15,16,17,18,19,20,22,23,24,26,32,42,46,47,	5363	15				
20	0,1,10,13,17,18,19,20,21,24,26,28,31,34,39,42,47,52,53,57,	8387	16				
20	1,9,12,14,18,24,25,30,31,32,33,35,37,38,42,43,44,46,48,50,	7662	17				
20	0,2,4,17,18,23,29,32,34,36,40,42,44,47,48,50,52,53,54,55,	7525	18				
20	0,2,7,8,11,12,13,27,30,33,34,40,41,44,45,46,47,48,50,55,	7504	19				
20	0,1,2,5,10,11,12,21,22,24,27,29,30,31,35,44,46,47,50,52,	7101	20				
20	0,1,5,7,8,10,12,19,25,29,32,34,35,36,38,41,49,50,52,53,	7276	21				
20	4,8,12,13,14,16,18,20,23,24,25,27,38,39,40,43,48,50,52,55,	6997	22				
20	2,6,7,8,9,11,18,22,25,26,27,29,32,34,35,38,43,45,54,56,	5501	23				
20	6,10,12,16,18,22,25,27,28,30,35,38,41,44,46,47,50,54,55,56,	4955	24				
20	0,4,9,16,19,20,27,29,31,33,37,38,45,47,50,51,52,53,54,57,	6704	25				
20	0,1,3,10,12,13,14,15,16,25,28,29,31,34,38,45,46,49,50,57,	7781	26				
20	2,4,5,8,16,19,20,23,24,27,28,30,31,38,39,40,41,44,46,50,	4896	27				
20	1,2,6,14,23,25,26,29,30,31,33,36,38,39,42,47,48,51,52,53,	8771	28				
20	4,6,10,13,16,17,20,21,25,26,30,35,42,44,49,51,52,53,54,57,	5970	29				
20	0,7,11,14,15,18,20,21,24,33,34,39,42,44,46,47,50,53,54,55,	5428	30				
20	0,2,3,5,10,12,13,15,19,22,24,25,31,34,37,42,43,53,54,55,	6267	31				
20	4,6,8,9,14,16,18,22,27,29,33,36,39,40,42,43,48,52,53,56,	6864	32				
20	3,5,6,7,10,16,17,18,20,22,23,27,28,30,34,37,45,51,53,54,	5157	33				
20	1,10,11,12,14,15,20,24,26,29,30,36,37,41,43,44,46,47,54,56,	6803	34				
20	1,5,6,16,17,20,22,23,25,30,33,35,40,44,47,48,51,53,54,57,	7817	35				
20	2,7,9,11,15,18,21,28,33,34,35,36,38,44,46,47,48,49,53,55,	7003	36				
20	0,2,4,9,12,13,15,18,19,28,29,31,33,38,41,43,44,50,53,54,	5104	37				
20	2,4,5,8,14,16,19,24,30,31,32,33,34,36,38,39,40,47,56,57,	7323	38				
20	0,1,2,5,7,10,12,19,22,24,26,39,42,43,44,47,50,52,54,55,	6893	39				
20	1,6,10,11,13,14,15,21,23,26,28,33,34,39,40,42,44,49,51,56,	5939	40				
20	0,1,3,5,10,13,15,18,20,21,22,34,35,38,42,51,52,53,54,56,	6785	41				
20	0,2,3,9,14,17,21,26,28,31,32,34,35,37,41,44,50,52,56,57,	7182	42				
20	0,1,6,11,22,23,24,25,30,31,35,40,42,43,44,45,47,49,55,56,	5838	43				
20	0,3,5,7,14,16,23,26,29,33,35,37,38,43,45,48,49,50,52,56,	7384	44				
20	1,3,5,6,9,10,16,22,23,28,35,36,40,42,43,44,49,52,53,55,	5502	45				
20	1,5,13,19,20,22,25,26,27,29,33,34,39,41,42,43,48,49,52,53,	8083	46				
20	0,1,5,12,13,18,20,22,24,26,29,31,39,41,42,44,46,48,50,53,	8266	47				
20	1,3,7,21,22,23,27,28,32,33,34,35,38,39,40,44,45,49,56,57,	6432	48				
20	1,2,7,8,13,15,25,26,33,34,41,42,43,44,46,47,50,51,53,55,	5229	49				
20	0,1,5,10,11,12,18,19,22,27,31,34,36,37,40,42,44,47,51,57,	8063	50				
20	4,5,11,12,14,15,22,24,25,30,32,33,36,41,42,43,44,52,53,56,	5177	51				
20	3,5,8,10,11,26,30,32,34,35,36,41,43,46,48,52,53,54,56,57,	8816	52				
20	0,4,7,8,9,10,12,16,18,20,22,23,27,31,36,37,45,47,50,53,	5825	53				
20	0,4,7,9,10,11,14,19,23,25,27,34,37,42,45,46,52,53,56,57,	7157	54				
20	0,4,6,10,12,19,20,23,25,27,37,39,43,45,46,47,48,51,56,57,	7850	55				
20	3,4,5,9,12,14,15,16,19,22,24,25,27,37,38,40,45,51,54,57,	5988	56				
20	3,5,7,9,10,11,13,20,22,23,30,33,36,37,38,42,45,46,54,55,	4713	57				
20	0,1,2,10,13,22,23,25,30,34,36,37,43,44,49,50,52,53,54,57,	8154	58				
20	0,7,10,12,16,23,25,26,27,36,40,41,44,45,46,48,51,52,53,56,	8031	59				
20	1,5,6,7,9,10,11,14,16,22,31,32,34,40,42,44,45,47,49,53,	5969	60				
20	1,3,4,7,8,9,18,21,28,32,34,36,37,40,42,44,45,51,52,56,	5065	61				
20	6,14,19,20,22,26,28,30,33,35,36,39,42,45,47,48,50,52,55,57,	7998	62				
20	1,3,5,9,11,12,13,14,16,19,31,32,33,36,37,45,46,51,53,55,	5149	63				
20	0,4,5,15,16,17,20,21,23,24,25,28,31,33,34,37,46,48,51,55,	7081	64				
20	4,8,12,20,21,22,24,27,32,34,36,37,38,39,41,47,52,53,56,57,	7641	65				
20	3,14,15,18,19,21,23,24,25,28,29,32,33,34,40,41,46,47,52,54,	4391	66				
20	2,5,8,9,11,21,26,28,30,34,35,36,37,39,42,43,50,51,53,56,	5754	67				
20	0,4,12,13,15,16,18,20,22,23,28,31,38,43,47,49,50,51,52,54,	5042	68				
20	4,6,11,13,21,24,28,33,34,35,37,40,41,42,43,50,51,54,55,56,	4372	69				
20	12,13,15,17,18,19,20,22,27,30,32,38,39,40,42,44,46,49,51,56,	4324	70				
20	2,4,9,10,11,12,17,23,24,29,31,34,37,40,41,45,46,51,53,54,	5642	71				
20	3,8,12,18,19,21,25,27,30,31,32,34,39,40,41,46,48,50,54,56,	6655	72				
20	3,5,6,7,8,9,17,19,25,26,28,29,30,32,41,43,45,46,49,55,	3499	73				
20	0,2,4,6,8,9,10,13,15,16,20,23,24,26,34,41,46,49,53,56,	6696	74				
20	2,4,5,6,7,12,18,19,20,22,24,30,31,35,38,39,43,45,51,57,	6147	75				
20	2,5,7,8,16,19,20,21,23,24,25,26,30,32,34,37,45,46,49,50,	5269	76				
20	1,2,4,9,11,12,13,15,16,18,26,31,33,36,37,44,45,47,52,53,	6148	77				
20	0,6,11,13,14,15,19,20,22,23,24,33,34,36,37,44,47,50,54,56,	6170	78				
20	3,8,10,12,14,17,20,21,22,25,26,28,29,34,36,39,43,45,47,51,	5498	79				
20	9,10,18,19,21,23,24,26,28,32,34,36,40,41,42,44,46,50,51,57,	6565	80				
20	0,2,6,11,16,20,28,31,34,37,38,41,42,43,45,48,49,53,54,55,	7863	81				
20	1,2,3,8,16,21,25,32,34,35,37,39,43,44,45,47,50,52,55,57,	6314	82				
20	0,2,3,5,8,12,14,16,17,18,19,21,32,34,36,46,49,51,53,57,	6469	83				
20	1,6,12,13,15,19,22,26,29,32,33,34,35,37,39,40,42,43,52,56,	6374	84				
20	6,8,9,13,20,25,26,28,31,33,34,35,38,40,44,45,48,49,55,57,	8164	85				
20	7,8,9,10,12,17,18,22,23,25,26,31,35,38,41,44,46,51,55,57,	5932	86				
20	2,3,5,8,12,14,16,17,19,21,23,26,27,30,33,35,36,49,56,57,	6008	87				
20	0,1,9,10,15,18,19,20,27,28,30,32,34,37,38,44,47,54,56,57,	8204	88				
20	3,11,13,17,18,19,23,24,25,30,32,33,34,39,41,42,49,52,53,56,	4873	89				
20	0,3,4,6,8,10,15,17,19,28,32,35,38,41,43,44,45,49,55,56,	4381	90				
20	9,10,21,24,25,26,28,29,31,32,38,39,42,43,47,48,50,53,54,56,	7516	91				
20	0,1,2,3,4,9,11,15,19,23,24,25,26,32,37,39,40,54,55,56,	5861	92				
20	2,9,10,13,15,17,19,20,21,25,26,34,36,40,42,44,49,51,54,56,	5255	93				
20	0,2,7,12,20,21,24,25,26,29,30,32,36,43,49,50,52,54,55,56,	6112	94				
20	5,6,7,8,12,14,15,23,24,26,30,32,40,43,44,47,49,50,51,55,	4944	95				
20	2,3,6,11,12,16,18,27,29,33,34,37,38,40,46,47,50,54,55,56,	5692	96				
20	3,5,8,15,16,20,25,30,31,32,34,37,38,40,47,48,51,54,55,57,	8194	97				
20	0,2,3,4,6,7,10,12,13,15,20,32,34,35,39,42,43,45,53,54,	5569	98				
20	3,4,5,7,18,21,23,31,32,35,36,38,41,48,49,50,51,52,55,56,	6082	99				
20	4,7,8,10,12,13,15,18,19,20,22,24,28,29,31,41,44,52,56,57,	5492	100	
